2 167 199
2 180 223
2 116 78
2 168 255
2 34 265
2 85 106
2 87 266
2 184 250
2 249 12
2 212 55
2 88 115
2 103 182
2 72 141
2 8 104
2 294 154
2 134 192
2 259 17
2 286 71
2 299 176
2 24 66
2 210 100
2 161 120
2 13 251
2 276 256
2 220 297
2 95 279
2 137 47
2 227 97
2 15 229
2 273 143
2 285 189
2 107 194
2 144 240
2 105 135
2 171 46
2 263 123
2 63 9
2 156 211
2 60 84
2 57 278
2 198 52
2 267 178
2 129 247
2 245 169
2 21 274
2 224 183
2 232 2
1 96
1 39
1 277
1 32
1 174
1 29
1 128
1 102
1 241
1 172
1 204
1 146
1 121
1 202
1 14
1 122
1 82
1 68
1 254
1 111
1 26
1 243
1 209
1 11
1 27
1 258
1 89
1 191
1 163
1 298
1 117
1 197
1 195
1 22
1 114
1 48
1 147
1 190
1 42
1 101
1 25
1 93
1 70
1 119
1 83
1 287
1 5
1 98
1 139
1 205
1 45
1 112
1 219
