15 2822 534 9785 1794 8911 4691 2643 2632 4434 1213 6383 1481 5402 4699 8696
15 3117 5324 4926 132 8914 7610 9750 4011 2206 481 8825 6101 8672 2516 7341
15 8450 4754 6910 5166 6764 7614 4892 6345 5731 5186 4876 1989 4042 7435 8314
15 9670 2793 273 5610 6978 790 5289 8149 4378 7189 7067 8079 8606 5526 2528
15 1785 528 9273 2429 7317 5055 7958 4602 6111 1578 1992 267 3687 587 5836
14 6933 1365 676 1300 8154 4204 2276 305 6384 6695 7814 699 7463 6960
15 493 3972 9384 6816 5253 1683 3290 5820 2714 3056 3965 5243 8058 8487 1596
15 333 3765 5298 393 8812 1668 5852 7702 9560 3007 1384 3257 5795 6320 2451
15 6261 9166 8699 2295 2322 5382 9218 7344 5026 7578 3365 897 455 1288 5044
15 2734 1348 7161 1165 9362 3508 8448 9800 5648 7285 5165 8789 8247 8374 3952
15 3060 5653 4249 1547 4044 7407 403 8901 645 6863 867 7987 5261 8744 6422
15 2234 6610 2506 8281 8349 1849 7560 5606 8276 307 1343 11 8749 6722 9741
15 2922 4766 9669 4183 4117 3262 1371 1885 3641 7635 7211 6548 6832 7938 582
15 8033 9791 3518 4942 8460 7815 9651 4633 8996 5986 6831 316 3649 9444 9577
14 4172 6729 1505 5912 3544 9035 5162 7844 9169 4372 2455 8179 5805 6269
15 6428 3503 4966 9856 1306 9921 5441 8601 1047 4498 5858 8252 6201 937 5486
15 45 1247 6382 784 1433 5397 6849 2413 4727 9156 1561 2363 856 3962 3006
15 2368 314 7279 2058 3745 1431 7785 918 9197 4865 7325 3591 5560 6074 2783
15 6440 3991 5566 3881 8256 7190 6310 1968 1571 5038 4208 4848 9353 2031 9784
14 6613 256 8936 7061 1609 6893 3622 6426 2740 7961 9319 2905 7521 4714
15 6198 5583 5612 970 3780 4040 3020 9207 5730 912 2458 8065 3493 2487 1793
15 1179 4701 6407 3731 2489 9376 6693 1418 4080 8116 9230 1155 9342 796 2007
15 156 8657 3866 7488 8828 4163 1214 7258 6539 9174 4464 9472 3351 9422 9354
15 1711 2069 2906 4730 3905 3608 6581 2666 4750 9929 7749 4613 4337 8037 7690
15 5876 5608 9984 7176 1302 8655 2935 339 9325 6387 7506 5992 5515 8953 9607
14 2758 188 7116 4703 7202 9368 3488 1504 2419 8198 9493 9903 7810 8539
14 9151 7793 1175 35 4083 5578 4402 1137 6617 2259 6071 3374 8935 5216
14 9861 2813 3764 6341 7405 7816 1128 6450 9893 9641 4932 6911 8409 6680
15 9832 3361 3396 3537 5296 3313 5768 8279 8529 3880 1334 7933 2721 3522 7049
15 8725 6879 6973 9242 9725 4334 7596 4813 388 6526 2361 3977 9759 8928 7492
14 7080 5934 1080 5368 5053 21 6510 5716 6492 424 1463 783 7770 1327
15 2150 3533 5696 7086 8251 168 292 6836 3129 1845 2073 3994 8637 7371 7368
15 7318 5041 8327 8594 5302 257 6456 6044 2315 5415 5979 9377 3859 7861 4576
14 5455 5846 3417 3479 9149 4941 8989 1552 1088 4595 797 808 6783 5953
15 389 4170 2141 704 1836 2068 9216 2114 449 2690 4781 6517 218 4698 8805
14 8980 6151 3442 6727 425 7037 3121 8761 5531 9730 5722 5709 7970 4586
15 9058 726 1560 9825 3984 5119 1915 8814 8373 2886 5469 9691 399 9987 1773
15 187 1468 3950 2992 5772 1872 8769 5720 9264 4202 8612 5190 1287 8236 6804
15 3190 9942 3612 9537 5274 3105 3416 838 8498 8171 2676 6316 6761 7801 6511
14 4904 7439 9268 8201 739 5440 5198 700 9471 5034 5172 5665 3173 7471
15 2717 3693 2145 3346 6218 9973 4284 3700 7564 9709 2742 2529 2927 5780 9343
15 6885 328 9416 343 794 1680 5803 5581 5627 2164 8301 614 5864 5712 4659
15 9822 4166 9079 6027 4205 2835 3131 32 7758 5212 7646 1982 3998 9586 511
15 6430 5941 1422 5522 3934 620 4914 6749 4815 1652 28 4403 2104 6762 537
15 3448 548 7151 8924 2142 7473 9628 7114 4970 6678 5626 3577 8695 8978 7417
14 8172 1956 8273 2375 1098 3277 1962 9390 7676 535 139 3910 9912 6498
15 2870 4060 817 1760 888 2909 1960 4943 3650 5060 3935 8922 1518 9869 75
15 2223 8386 6374 3242 252 203 9906 1856 2462 9706 5745 6465 5391 9094 2084
15 5254 9257 7890 2053 6874 8988 5770 376 5505 5357 3342 5025 5677 5734 6179
14 6975 446 8820 5125 5090 3315 4081 4177 505 5920 6116 4108 7677 518
15 6096 8543 1059 7870 8322 6210 8752 1070 4059 7632 4626 8632 509 2075 8311
14 3660 2332 3582 9302 8793 1233 907 4226 4051 2022 7302 1633 843 4707
15 7320 8125 6275 8417 5748 4062 2923 7298 4328 1931 5625 7301 2398 9916 1508
15 295 9747 5456 2298 8687 7131 3360 4368 4838 524 9663 880 652 4512 592
15 6781 5334 5826 8381 8005 1516 5766 2560 1511 3371 1332 8127 4646 3985 4789
15 4967 7031 3811 1373 5760 5238 5352 1507 9011 7064 6165 4296 3909 3366 3399
15 5482 9104 291 4948 22 6185 8558 7948 8764 8571 3809 7224 2257 4890 7887
15 4611 2330 6284 8933 6535 9500 3635 5767 514 6195 1324 2392 251 7997 4361
15 820 8971 7742 5052 4145 5175 4295 3477 8867 1246 1026 3712 2478 1323 1648
15 8598 7235 8872 1282 9619 8794 5834 5504 1383 842 6870 3572 4961 1891 697
15 7138 7984 8950 2569 1194 3835 2705 539 2219 4812 9105 9879 4450 501 3554
15 3016 5149 6150 4627 6854 1074 5395 1774 1567 5131 4731 9631 7154 7817 9154
15 5588 552 9076 8865 2680 7761 7443 3942 9630 8921 4233 9036 5173 3101 8670
15 8141 4797 7699 3722 5223 1545 5701 6253 9823 5495 6349 5932 2976 3074 3818
15 3249 8903 5968 1412 4545 5314 2495 8109 633 8259 2277 8905 8567 2902 5666
15 2038 9913 5109 7607 4953 1852 1172 5833 6119 8684 562 5088 1576 1550 4184
14 327 5952 3762 1677 1485 5781 5497 7692 3869 8379 9298 5981 6920 2850
14 701 9568 5117 8609 5969 2260 924 9547 7248 3549 6126 632 891 6561
14 3592 8415 1554 7361 689 9526 1796 2540 1161 9016 7034 2483 6867 5029
14 5835 5771 422 2439 6944 5601 4147 639 6518 4763 8405 8302 2749 8768
14 586 9460 2350 4309 5176 4856 2780 5075 6106 1743 4675 7486 641 6639
14 1408 68 9640 1009 5822 648 6993 8787 3043 6789 3874 6209 196 1533
15 4182 4751 5148 1593 9554 3330 7877 9763 1469 2246 4211 3023 634 7319 4331
15 8044 9202 1600 4722 980 3364 1948 3747 3895 5799 9357 5341 2844 5489 2388
15 306 4259 1024 2057 7748 413 8611 1914 1057 3728 4253 9657 4459 2143 1154
15 8858 330 9095 9803 6162 7257 4430 1461 3567 490 658 7892 2261 3664 3107
14 3873 8026 9772 7800 550 1564 7157 6895 4522 3248 4198 6560 7746 3008
15 3216 6888 9454 7299 6163 5311 2878 7491 4033 8156 3189 5873 2691 2059 694
14 1579 8934 1053 6826 8641 886 6213 4851 1918 1565 3787 349 730 9968
14 4119 554 9817 1639 2525 9760 832 604 1341 7956 4242 6838 8060 977
15 9180 7448 9702 7842 7981 1096 4266 9185 5546 9671 454 7263 8788 3120 1397
15 3766 3460 2578 2840 1354 991 7459 7859 2432 3852 201 8633 3354 7123 4087
14 3709 2152 9190 8093 9994 6820 4835 7146 2312 9144 579 1857 9134 2431
15 3922 3701 9754 5435 8398 5192 8661 5426 9021 7573 1355 2597 5459 9580 6090
14 8786 6640 1776 2838 7693 4178 3795 6156 618 2726 4920 823 7413 7921
15 7653 5195 5244 8913 6236 7950 4092 1358 2798 7433 1432 5589 7544 7772 722
15 3875 3772 2479 8176 3100 7942 8604 4448 775 6120 9271 5319 235 1255 2367
14 1808 4951 7650 6658 3724 7727 2416 7363 5239 3776 4245 9819 749 4540
14 5014 810 6177 6634 9338 7091 4179 9177 8614 8444 8729 8576 4517 2493
15 1717 457 6790 7327 720 8760 3134 7130 9323 7027 1696 8852 9208 2814 7264
15 8220 1712 3331 6710 1882 8511 4906 4918 1391 6417 8452 712 1237 9003 7911
14 3387 4807 6445 8634 383 5547 564 8650 1616 3473 5871 9108 4381 6435
15 9159 5492 5263 3703 5315 5322 1524 7696 8860 6045 6004 4000 3842 24 3642
15 175 8399 780 8375 9044 9067 1698 8254 2341 7832 1945 2553 6356 9388 5107
15 8995 7475 5598 8746 5878 3110 4825 8341 2364 4653 1251 7480 4228 1672 3116
14 4935 2649 5999 1521 5406 8894 9222 1719 6079 1591 8030 735 6503 4345
15 2851 3681 6102 7406 2470 5603 4547 4551 5643 3162 8340 9945 3157 8574 3082
14 78 9756 2752 3804 2983 1749 7237 6338 9077 4016 7913 4999 6921 1522
15 7584 3937 7442 792 6312 2078 6763 8338 8972 8291 6019 7461 6709 578 960
14 9435 2855 9899 8012 3341 2725 5332 9935 1117 8997 6081 9301 8979 2969
14 1574 1807 7232 4795 4444 70 115 2671 5880 5750 1475 2285 6360 8240
15 8946 1531 5910 6411 1725 1643 2066 4157 4149 9922 6608 4362 4196 5374 470
15 7426 5973 906 5693 1707 2286 4689 2759 6991 7040 6937 8485 1947 6883 2681
15 1141 7115 2239 8410 4799 8628 3147 2845 4693 7943 945 6355 8554 5667 7260
14 3153 9470 404 7910 5301 6705 5894 1142 9140 7964 7254 7101 3988 4832
15 4052 6294 8063 3783 6562 2055 4667 664 3499 9626 4225 9503 9112 2380 9138
15 2805 2554 7867 6622 5105 8224 5281 1401 8288 6759 488 4209 7517 5960 5823
15 6950 1805 1429 703 841 4140 865 914 5394 9867 2816 9167 2731 9971 2254
14 1572 7251 2323 8790 2601 546 8722 7893 6768 7963 2621 1997 6654 824
15 4960 3656 5333 3443 1821 5429 3975 5994 1736 8429 6131 2284 8343 3024 5738
14 9371 5908 5940 6007 4194 5509 6367 337 3535 9676 5788 1311 8712 4516
14 152 3579 4716 2637 2846 6586 9280 8475 1376 5778 1041 2454 4437 8265
15 6808 5528 2860 8257 7316 7472 2148 2893 1828 9480 6458 3578 8146 4422 7796
14 6424 5209 1421 1093 2679 6800 5689 5072 8707 1563 5004 3838 4820 9296
15 1587 4765 1197 4858 9491 6069 6585 1498 6350 2333 853 1646 8823 3148 8898
14 8849 3899 3702 3114 4003 1419 6025 9091 7737 7333 2773 7019 2523 5284
15 13 1330 5226 1198 6300 7243 3456 2739 8401 8271 5807 1497 262 9383 9932
14 4764 7011 3009 319 5510 8245 6612 3108 4740 4618 5743 752 6169 7194
15 9714 1556 7579 971 2161 8668 3174 4829 635 8420 8380 3627 44 2123 3386
14 3590 7183 8445 2096 9436 8889 5854 2225 461 4987 5363 5686 4026 6264
15 9321 4994 3954 3667 7111 5597 8939 947 101 2402 5203 6602 9934 1150 6627
14 7576 8027 9115 7988 1679 4533 8509 2324 3960 9432 8508 4510 990 6598
14 962 416 779 2920 6550 2097 9466 1963 8534 9530 458 8188 7991 282
15 4065 5886 421 3033 1064 6357 322 6375 8999 3261 6934 2374 2533 3404 9307
14 7633 1186 2930 4137 7390 1395 412 5299 302 4441 8173 4783 3406 9918
14 8099 5069 434 2301 6750 9917 5200 533 2043 1955 4154 5225 2054 7885
14 4753 8969 229 8320 5862 9720 4376 8489 3574 5463 4234 6899 6013 9866
14 8346 5965 1260 5916 3887 4293 1544 9712 7438 1426 346 7048 41 2901
15 3363 6595 4186 6519 1767 9970 2262 844 9409 9779 6107 3154 2819 1638 3232
15 7427 6959 2353 9356 8876 1622 567 5220 183 2026 7940 7465 4360 8918 7021
14 5777 6093 9033 5351 793 8147 8956 2882 8319 7283 6122 5184 2709 7839
14 4852 8080 6516 9665 5401 6138 5905 8762 6302 1291 8664 8965 1227 4791
14 138 128 1210 7605 670 9482 4511 9595 1 7582 8275 2405 8776 6480
14 9543 1751 3291 1542 2961 6856 7990 7557 3837 8973 7193 1974 9679 3381
14 8057 8143 9484 8831 9798 7767 5974 1171 7733 3638 7420 7139 5196 5002
14 2265 336 6073 2129 1871 3506 2314 245 4470 9429 8467 25 3041 6810
14 1109 7529 5151 1750 902 3791 3124 7035 9209 9162 7599 3699 5386 4940
14 3123 34 879 9238 7046 8878 8426 5971 6946 9237 8102 4222 2911 2582
14 5500 5511 2633 91 8638 5964 2790 6742 297 3263 9114 8811 4412 5877
14 8709 9940 3412 7751 7097 6999 4218 2193 2070 6043 5814 6040 5430 2634
14 1641 4660 3898 3541 5146 452 2033 3786 64 6199 4772 7734 9894 1738
15 4077 450 8751 8970 9808 8067 9833 8348 6180 3822 9926 6702 2718 120 4964
14 4398 7358 3992 216 6473 2590 7312 30 5741 8303 5933 5575 2571 5361
14 3511 5938 9139 2673 7931 2763 510 2981 3576 6967 2605 8739 7788 1739
14 6603 4068 6995 690 4562 6033 239 6398 4438 1480 8785 372 1333 6157
14 4760 498 9790 8968 1310 6287 3543 4213 1848 8419 3924 6593 9642 7805
14 7828 1067 6313 5228 4831 6318 4985 9707 3740 4133 7137 8742 7738 5717
14 9282 854 1855 5925 4521 1526 9739 8148 4555 7762 3115 8706 4973 3826
15 4473 8592 9751 3091 9781 9842 4658 3220 903 5841 8704 5649 8736 7631 9212
14 9215 6765 6504 7117 4483 1166 6601 5095 5573 4301 3864 5629 3652 2217
14 2993 8565 357 2868 5369 753 5847 7882 6353 3569 5888 2796 205 5991
14 6845 8297 2013 9599 9289 4497 3686 6692 9525 8800 3413 3163 6181 7697
15 9155 9492 3323 9121 2281 2547 7340 4779 3639 8367 9578 4176 7923 5789 6091
15 3145 8134 1758 9407 3185 4833 2408 3983 9066 6527 2932 6501 1800 8070 1911
14 9340 3575 2914 456 8642 1228 954 3389 7365 9239 4744 8902 4291 9188
14 2452 8781 2664 184 8476 642 4074 9570 9487 165 5437 9524 491 5320
14 4661 1924 5585 9989 5278 2100 7589 1706 5174 2473 668 10 7791 6626
14 2636 7694 4152 851 409 7122 6082 4855 7834 9518 9775 1900 9148 4775
14 395 5156 7603 630 1602 9812 1126 8621 1169 4086 8181 8622 2093 7004
14 9872 4481 2168 2918 1895 8318 55 4776 3013 6087 6886 7666 8516 6217
15 2823 271 1220 2782 6553 8499 6085 1853 6146 8199 7548 6579 8197 5970 969
14 1753 7394 2555 1414 266 9910 5417 8124 5056 5572 7085 18 1765 6189
14 8595 2777 3845 320 8042 2943 1650 7493 8960 3737 8064 7498 5275 4962
14 3233 7689 931 5580 9327 881 4215 9729 9587 9807 1514 9221 2329 283
14 601 2418 9816 6990 848 2760 1280 693 7500 772 1814 9201 6203 3540
14 9742 3383 2343 164 1620 3986 3241 2464 4843 2131 9519 4155 4702 561
14 9211 5113 4123 7513 4388 2426 5367 3437 4557 9693 7182 3948 4913 8479
14 7609 3643 7790 6112 5700 4440 8639 4414 3884 1116 885 5521 7741 6546
14 8724 191 5520 8798 1326 5096 259 9453 7932 2112 1922 5039 6532 4881
15 6891 1066 3536 1804 194 7776 5080 1353 386 6839 6259 1443 4271 788 4901
14 9858 4318 1795 8365 1555 5533 4749 4258 2660 2515 9305 5660 8582 4364
14 3611 502 1562 8572 358 1045 3981 1535 4648 6064 9086 8802 2088 3159
14 9328 288 4739 5587 9883 5550 6665 3674 324 5179 5735 9291 5215 2810
14 8267 6231 7436 3513 7374 4869 1847 96 7231 9566 3673 9124 2959 4690
15 7901 7421 3391 8285 7993 3546 9655 4128 9387 1190 4007 2160 2311 2481 1445
15 8453 8851 6815 8111 2937 161 2465 8560 2727 7447 2035 4409 566 5621 63
14 7760 1140 2085 4673 8469 2928 8332 7271 1645 3566 423 7595 103 6173
14 2711 8586 3283 1898 9737 6927 5840 2741 756 1940 8342 2491 7968 8887
14 8561 6778 6278 3997 4229 6672 2977 270 2327 508 890 9905 426 3872
14 1788 7648 5654 6817 6344 8857 7663 5695 5493 2650 9206 809 5398 7153
15 3968 1205 4391 9235 8723 521 6010 5477 8158 9783 8806 2079 3196 7926 7456
14 3877 9685 2352 3151 6584 199 3094 2869 5001 992 7293 7857 7192 870
14 3562 3339 5182 8791 6572 7387 9287 5842 5755 4894 5089 3084 1705 2386
14 1938 6935 3680 3528 9499 4945 8352 1413 4043 6140 8430 2991 9244 8819
14 724 8513 952 2770 356 9012 428 5270 4310 1803 6108 2360 6495 9544
14 8372 9227 2966 385 2274 8369 3246 7044 4893 4826 7444 6139 621 8548
14 3384 4099 6520 2745 7703 1329 6941 3684 6877 9401 8101 2383 31 4708
14 2146 5914 2212 6437 5502 3825 6429 4471 1537 6054 364 3995 8117 9645
15 6956 5794 6005 4298 4885 9110 3095 3401 3971 483 5656 186 8018 6332 9346
14 3265 1014 5724 2591 2303 8862 5259 4277 9469 9758 9938 2025 7106 8514
14 2163 4067 1016 7028 3785 6651 4423 5646 3602 967 7092 1878 172 9410
14 8085 7638 6677 4597 943 2011 2019 6846 7994 6314 8357 5016 4947 4419
14 2563 7120 5896 6286 8588 4019 2463 4669 8757 3690 1663 8648 2170 2249
14 5524 736 3716 5170 974 2178 6915 1783 1240 5362 8163 5337 1486 503
14 3075 108 6681 7526 8904 9087 858 5191 7236 3773 4041 7998 2308 3038
14 5160 3302 7769 3079 3130 1215 603 7172 2792 7550 4283 2926 390 2587
14 5030 9787 837 572 5935 5647 9370 1726 5958 3539 7434 7799 9143 3062
14 5645 3333 8615 513 5434 4443 683 998 7881 6788 5145 6631 3663 9192
14 7132 4091 7625 9223 8458 4732 3368 2185 8333 5139 1072 8084 6637 8932
14 1377 6655 5868 1998 1007 4101 3812 4139 3193 807 2102 6335 8061 1946
15 5955 6970 1961 9439 431 3298 1091 8926 5567 2272 8361 459 7396 4353 6148
14 5703 3312 6444 9546 4325 5951 2092 153 4106 4719 9834 3224 2510 8619
14 8184 3260 9752 4231 3912 9173 6352 7167 5199 2662 4536 8818 6153 4923
14 2091 2916 5102 3281 3784 2474 6182 3657 1789 1400 8280 2694 1975 6240
14 5233 4650 6123 209 230 8159 3778 5356 762 3394 6290 4369 8596 1993
14 929 487 375 6036 2001 4281 7846 7831 8139 2602 433 3483 517 3279
14 3756 5545 8765 1322 6523 3055 4601 9252 471 6020 1381 6569 6358 3472
14 804 7042 7147 3335 4174 9793 1701 2372 3376 9083 9684 4270 427 8387
15 4107 9522 6718 365 6160 5329 1147 6100 5242 9337 786 828 9517 6524 2507
14 2156 1909 304 8454 565 3507 7612 6451 5631 1844 8411 894 9474 6537
14 9194 1139 721 5138 9854 1309 4599 7265 5484 7127 727 9101 6490 9100
14 2381 7929 5082 7347 204 7334 1056 984 2309 3466 5576 5728 9778 3918
14 1599 3519 294 8532 6515 7525 7104 6453 5651 4142 298 8043 5507 9958
14 4581 3921 5436 996 2061 4168 3303 2251 6963 4879 2002 4505 9947 7654
14 7794 9699 2358 7866 8974 1799 6721 9424 4780 9199 9379 2046 2345 5988
14 7613 9304 1923 3651 6084 9993 7712 7615 595 3428 4537 4959 1967 5681
14 2996 5537 4018 9315 7629 9127 7701 4148 1013 2208 4013 2953 9774 8351
14 4634 1862 4250 771 2892 5501 1262 9609 8758 6127 9638 6619 9347 1954
14 1568 5942 1025 3297 2843 560 5874 7924 5154 6685 1979 7714 9099 9697
14 2191 1818 1462 1770 6675 3603 3879 5540 8414 1087 5364 2884 9698 4585
14 7382 8503 4009 9585 5769 1647 9158 4761 830 8608 4528 7619 6415 3633
14 9246 479 919 4566 2071 3817 6508 7126 8702 5061 4968 442 3979 7947
14 8607 1037 6922 3090 1120 4223 3695 9588 3891 5923 9402 4741 4695 5240
14 5147 5472 8714 9184 2960 9575 9434 3920 9103 761 3750 8685 9030 7655
14 9360 4458 9761 6395 1032 997 6484 9312 247 4663 2588 4297 5432 4347
14 9445 6250 6912 4550 1089 6238 2500 938 1780 8822 146 2250 8895 9860
14 1752 1148 5066 1222 4588 3402 5063 5732 9999 8331 1078 1061 2834 9555
14 2517 4769 7992 745 7045 7863 8371 6439 8034 4670 2377 2964 8682 9556
14 3288 3149 8250 6309 5568 6552 2551 9292 5393 9386 9972 1815 368 3634
14 2198 5127 605 1904 5704 7423 9135 8780 1654 4405 2764 7287 1943 5897
14 1824 6463 3671 6057 5355 3146 7150 8355 255 5103 9373 5624 7518 9786
14 3827 5997 5783 4524 7784 8907 5427 7763 5989 2827 3087 1686 2501 2957
14 688 3903 4628 8920 9203 6224 1467 9616 9046 9946 9682 8112 3311 946
14 6982 6928 9907 9485 987 6707 6388 7171 4094 1164 9369 8363 1601 4014
14 8669 9732 9625 7896 5293 3035 2833 7310 3068 438 7311 4908 8830 2016
14 4980 7384 158 4487 6015 6582 782 7124 8480 1084 3538 5158 9064 6865
14 7855 3987 443 6752 8211 1557 2004 9344 9674 8138 5544 1841 1115 8412
14 9688 4535 8072 5303 9308 3670 8826 6147 3319 1006 6825 1108 860 7854
14 1387 5553 4718 80 3212 8505 2724 623 9596 3255 6642 8556 731 8132
14 1030 9930 2873 117 1248 9821 7005 254 6760 4711 1658 9065 4197 7747
14 5535 3099 7430 6205 290 7267 5761 4146 1584 3761 8157 1790 677 2561
14 1143 3781 238 311 4095 6813 7290 3370 1336 1230 9331 1714 8228 1627
14 6557 3679 5020 7467 5183 868 8248 1409 263 7168 9333 6782 5593 2809
14 8896 3914 2166 3619 5425 9983 5073 8031 9405 1729 3861 737 8891 233
14 1492 3698 2339 3103 2132 353 8345 5104 1403 9985 4102 1005 8782 3957
14 3720 7922 1575 8620 7580 84 9233 9666 5688 1850 8359 9022 2105 3829
14 4501 9797 5860 939 1219 3431 986 3180 7591 1379 1617 2109 3710 2781
15 5837 4239 6348 134 9870 6574 2390 9359 2653 9896 6514 5217 7332 637 1635
14 4662 1520 1588 1368 5763 7068 7532 4424 8155 9944 6391 857 12 6390
14 280 6258 7249 662 5523 5327 8390 3211 1906 9911 7391 3713 806 2585
14 3104 8566 7723 6686 111 1825 9081 2015 6724 5335 1208 8192 5747 1665
14 2765 3324 8701 1245 219 9029 6137 6048 6124 3485 3725 4039 6159 2952
14 1595 8949 397 5376 1118 5124 8038 8283 8900 6023 8408 4105 9071 3748
14 8961 7552 8884 9571 4055 9654 8094 8223 8133 2665 3223 9637 5231 7422
14 5130 2940 2394 9380 7670 4344 5122 4737 3088 5563 543 1957 7246 2630
14 1130 350 4408 4358 3254 7000 3449 169 4118 7366 708 485 617 7775
14 4349 8778 3733 3040 7038 1493 3011 2077 8843 5853 7530 1718 8165 5930
14 3076 40 6211 150 1317 1709 7242 6134 6494 7634 9399 3510 9080 3529
14 2698 6871 4677 2744 8483 1723 3771 9877 6400 246 242 7717 6068 2134
14 6543 2876 4933 8679 8728 9780 6908 318 5003 1075 6158 4681 2572 869
14 1942 1410 4192 9622 2989 1867 1483 3853 4010 5641 9468 2812 4600 3808
14 5383 3044 2236 8718 4641 6252 3893 8578 2447 8496 3689 948 8893 4635
14 8394 2384 949 6212 8493 4720 9845 7013 3253 913 7665 4884 9991 9204
14 1359 9224 515 5875 1020 2153 1046 4614 2702 8570 963 4798 8743 6216
14 8121 2971 768 7278 1980 67 6544 7778 5498 104 1331 8779 2881 7907
14 9692 429 8663 9183 5976 8284 1929 1664 4482 5616 757 1930 5256 3080
14 5388 2305 706 2136 5012 9952 7682 5737 5640 9000 8126 3459 4352 7886
14 7186 8120 171 3858 3481 8294 7792 6438 2229 4778 6592 7524 7731 9431
14 1512 8625 2401 7915 1427 384 4583 1054 5810 9897 6109 4850 4811 1001
14 2713 8003 3275 6409 5687 6434 1223 9794 6689 6987 9859 5812 3697 9837
14 6668 9891 4314 6295 2083 6145 2428 3886 5385 3789 9306 3727 1369 8629
14 4949 2858 3122 4089 2552 5699 406 5409 9551 5111 2875 4320 3328 4871
14 2086 3598 7667 4472 8238 7939 3464 5775 7292 8208 7250 6317 6972 9403
14 9662 4279 9678 8873 3176 7355 2404 8732 9776 5047 4173 9924 1015 9163
14 7337 5115 5705 9395 3388 3058 7308 6175 4164 5431 2196 5120 5466 1559
14 8364 8464 9165 4745 893 6814 2817 1606 7428 4206 5011 7647 5859 900
14 9031 2399 7144 7872 4432 7706 6951 278 1858 9473 2486 9813 2942 265
14 436 4909 6822 2410 7135 9051 6716 4549 8491 4285 3655 8241 3589 531
14 4447 3201 1681 6902 5900 8008 4382 234 6512 6682 7454 5571 3796 6038
14 3492 8717 4817 3420 1692 5818 6406 3672 1950 6571 5449 7342 2848 8964
14 3632 7982 1264 9272 3304 8859 8446 2237 8837 591 3338 8940 9542 2456
14 7511 7724 3238 9892 8912 5309 2811 367 4493 3976 2356 814 4841 9643
14 159 1275 8966 3556 9442 54 2589 8942 7353 4886 7140 6293 396 655
14 8730 3659 5949 1917 2722 9502 2675 7069 4847 5288 1843 2896 7166 1106
14 4805 1772 2024 9583 4559 8347 143 1382 9426 1733 5141 5101 940 7178
14 3179 1100 9097 7393 400 8815 877 2287 1033 8 5715 818 1615 9255
14 2297 4717 3851 5457 8593 7766 5993 4676 5098 9521 9722 5359 9164 8114
13 27 69 7621 800 525 2370 8137 5662 8269 3397 6583 581 1875
14 1191 6032 5883 9880 7462 3955 6337 369 3184 495 6066 9667 3308 496
14 5944 5751 4983 4478 3648 5963 7288 8990 2806 7095 9146 1716 575 5470
14 4397 3476 504 9648 6329 3515 6471 7515 180 6381 284 3045 9904 5273
14 6770 9606 9773 2536 1083 8191 4986 4280 1611 348 1362 3424 6012 9109
14 2351 4311 4553 5512 1423 778 8886 7909 744 5338 4569 2667 4683 6301
14 3181 2769 2101 1174 4520 3721 831 4240 7133 2081 9789 181 4643 3595
14 8128 4327 4393 5163 4958 2412 8925 4340 2488 7685 1570 6011 9505 8909
14 7539 5895 208 3558 734 7645 2682 815 613 5444 6805 7128 4995 3106
14 23 2469 9721 1735 9634 258 4748 5622 478 6525 9205 2885 6161 7215
14 4474 5483 589 4452 6715 2913 2973 4112 8119 1180 4484 4008 1464 6121
14 3169 2736 2221 7561 7812 7983 9279 3897 4534 9009 1018 4664 4518 1778
14 2090 9019 5542 4950 4158 4028 8020 5943 8425 8403 1699 7972 5650 8879
14 275 2244 9462 9762 3398 4316 5330 3343 7975 9746 8014 5294 6266 5707
13 8440 1442 7572 3430 7036 1920 5379 6714 3244 4216 2865 79 7965
14 2864 7481 8954 107 7330 933 6176 982 985 7241 9649 6887 7930 1653
14 9498 1675 4104 6747 6233 2826 2082 802 4453 9028 7055 7604 2400 7688
14 9447 3322 6485 7960 871 1444 7321 4072 8321 2696 2317 1995 9613 9847
14 2496 8890 5229 8463 2280 4100 6757 4700 2700 944 8326 8306 3345 9969
14 3628 3682 7721 5396 1301 644 1188 5746 7425 5271 4210 3943 9767 7641
14 5336 9039 2218 8478 1307 8222 7623 6432 285 3900 1110 9082 4237 7134
14 2583 6936 4867 2794 9317 1589 125 3067 4070 1335 5518 4905 448 6596
14 1425 6961 5990 7369 135 5169 8384 5652 6712 7959 8474 1347 8916 7908
14 5613 2003 6580 9495 3850 3310 1170 6521 4404 3964 6801 4631 2616 447
14 352 8841 795 4734 4792 2887 5909 7378 5340 2023 3309 9886 4380 1791
14 3665 8547 1283 8001 4997 8189 1482 3512 5733 6372 5358 787 4827 3436
14 6319 4217 1913 3170 8603 1182 9160 6362 6649 7098 8229 1877 5471 2296
14 3505 9219 6452 901 332 8721 5230 8087 8984 329 1183 6916 3468 2436
14 8406 7516 6481 174 7709 1988 1829 6841 2087 5164 2579 4287 4592 9527
14 8207 4917 1740 2499 3545 8892 1873 3605 1502 7825 3626 4927 8959 8465
13 2202 4480 8651 6979 9548 7007 9552 7514 1624 6662 8393 2514 9841
14 5939 4006 7773 4387 619 7213 6060 2326 4191 9005 3593 3352 9045 3285
14 8590 9385 5307 1299 7664 584 9261 8168 7570 7051 1501 6086 6311 9873
13 7487 2526 8726 9059 8122 9187 8378 2593 2625 827 2824 7386 9650
14 1035 3350 2279 5556 2595 3490 9118 2581 3432 1649 6477 7601 4895 8816
14 4236 896 1441 2853 6037 1585 5962 1456 7848 9226 3002 6366 4058 6614
14 6154 3746 8462 5739 5059 8455 1892 7159 5043 7547 7905 651 3467 4915
14 9826 8049 9391 106 8689 3846 4160 9050 6039 6984 6636 6251 287 8618
14 839 3763 7865 8249 9690 2355 3646 9119 2319 9656 6917 4020 5928 5517
14 4433 9956 3332 6744 323 4515 7962 7558 755 7780 3823 5996 5926 3444
14 7216 460 4030 9437 2243 4823 2534 8175 4609 1296 2669 1786 8024 3876
14 8152 4436 555 177 8358 9007 9002 14 6443 9341 5155 4666 6442 7502
14 5241 9130 4252 2435 9260 3563 1314 6786 8396 1273 9210 8770 3421 7899
14 5008 1809 1276 1932 1971 300 9389 1122 3046 9711 8951 6022 2907 8194
14 6347 9052 53 2266 9254 636 5048 7200 8082 2127 8344 640 1010 2155
14 2803 9804 1604 9182 4542 7377 9844 7307 1781 774 9840 7354 1629 6732
14 612 9592 8681 5639 2654 9871 5839 4819 9266 8021 8104 7616 3719 7722
14 766 3735 7259 8741 5407 545 3807 4373 5614 6875 5264 441 2776 6898
14 9850 9966 5318 9939 1269 8755 5265 5378 3327 5891 9605 8032 9748 9914
14 4989 961 6292 6652 2320 8813 7588 2475 8313 1394 2476 8542 9113 4418
14 698 1926 221 2797 3908 2610 3382 9617 4035 776 7204 197 5548 341
14 7222 7020 6766 2313 7419 6449 6291 2757 2173 7640 4427 2065 65 8167
14 6687 6983 7185 9675 9056 9072 2171 6323 6476 8473 8010 3946 7837 5211
14 7708 7323 4903 2728 5474 8144 8842 3250 588 657 9603 8555 1071 5644
14 2795 2755 5744 2247 4241 6098 157 1272 1741 4854 3613 7289 9927 5227
14 7494 170 6464 3299 4652 5000 9672 3662 1720 4269 1912 3214 1105 7460
14 6497 3264 5 3182 2009 6454 4045 1496 7210 8098 142 9978 4981 2879
14 3856 4 8992 3480 6666 5249 231 4814 7879 7255 7501 105 3931 7820
13 5967 5855 1138 3429 4124 6378 8329 5040 4451 6645 9948 6059 4502
14 8983 2640 4567 2950 2955 9677 9824 9598 241 672 4075 6324 1079 9700
14 9417 2252 167 4185 1189 4212 580 7499 7628 2861 8449 1728 9452 1363
14 1060 4442 740 141 8055 8801 989 4955 5246 154 4342 859 451 6413
14 8366 2396 163 6615 4679 5791 58 8982 4572 1722 1086 2938 4268 647
